-0.238158451925767 -1.20026549922005 1.09981533533582 -0.566144011811015 0.237236539292143 -0.393965470294109 0.184185515453617 -0.252513371049967 1.04065567819487 -0.712363310028406
-0.234463369410038 0.171708239598428 0.402947044096827 -1.45637823029563 -0.46254721698806 0.500136299038857 -2.26451270809699 0.688125755717292 -0.175647711022525 -0.144823017480764
-1.11249494352852 1.28488846362168 -1.92898736478735 -0.799362010278852 0.74466996006175 -0.441334223776427 -0.301370532736161 -0.261418429204665 1.29147194559547 0.200336568643388
-1.0458916087776 0.120419305208772 -0.434668003040499 0.231666788091937 -0.853514524180947 0.208120058275162 -0.659928478941176 1.29983654643892 1.48284413958052 0.220050686010347
-0.146802606774897 -1.04537774453659 -1.01654902898383 0.406647969190723 1.27928580227592 -0.563212129379342 0.449235296058622 -0.749380145585613 -0.766640194477474 -0.688736108480031
-1.37731146739181 1.80270522241834 -0.0951675296377401 0.33843810565713 2.12845513290018 0.106000993968652 0.179139310036559 -0.0521619765898172 -0.373183934369762 -0.218854971026216
1.38143732430046 0.0640914427898052 -0.216756303689026 -0.977164433308901 -0.561296325687531 -1.38519784122187 0.0479582002649478 1.41252286384658 -1.91907155294219 0.370613391258094
1.15742462796274 0.0978666167966013 0.844396543557577 -0.283925435111897 -0.237856927840225 1.37148870200701 0.343292453581692 -0.200165267443561 0.893505500836729 1.87834155683814
-1.17936324671483 0.489339927779557 -1.0311168050269 0.424059733384309 -2.58177995871889 -2.02888505568173 -1.17939519743382 0.0242871131353443 -0.369301272199651 0.236908537565632
-0.724336375413652 0.455066168154633 0.959520473040601 -0.0938013993420205 -1.15988148665473 0.640085946816293 1.6266789079503 2.5130045470689 -0.849498786620167 -0.172724166956392
-1.33428901777446 0.260106417324605 0.100549701792508 0.414869603905893 -2.58765502920207 -0.236594658663388 0.301101930391381 0.763093438779204 -1.40449927200804 1.13261254506146
-0.531356578459405 0.833699732750375 0.904669749183837 -1.02343762725086 -1.53943157296029 1.09907371764853 -0.335565457308714 0.0944106308636661 -0.910028596958676 0.513122204496286
0.807701343760661 -0.71299574465043 0.638410988467114 0.292205336222334 -1.1003576086621 1.28349438761051 2.18258297072942 1.95720406743266 -0.362889485988442 0.0864086291705971
-0.304418493364157 0.476107496676789 1.5518508471584 0.540464359363867 1.45334286447084 -0.179908260947558 -0.12384964568292 0.309078384903987 2.25872908452398 -1.08844659159661
1.56390495819154 0.378539161644733 2.13573555979229 -0.0102074147100676 -0.246544412836287 -0.277888726079155 1.41279805870618 0.106956700029829 -0.566414406698712 -0.199586490620696
-0.453067276623807 0.54001448362842 0.575992481559919 0.302909804747442 -1.39588468500613 0.474275199871563 -0.201463533906356 -0.930064949626361 0.957663038943777 -1.0321020680694
-0.656445319974376 0.84490348938765 -0.728663755954553 -0.205268466542729 0.00288987830192712 -0.845574445517784 -0.339945409504773 2.36629199163258 0.057529833186056 -0.904457930981508
-1.02961096263955 1.63045236120456 -0.22541447252515 -0.954352060019948 0.438231474992675 0.0995002942171108 -0.0948340145707496 -1.12886526256346 1.49803904349083 1.53277105349957
0.676809536997024 1.15800200071037 -0.525903683885813 1.47521378186727 -0.362012460679104 0.328601337161566 -0.0925636813405512 1.07516965446905 -0.0347104810026572 -1.93267807872161
-1.06753211099434 0.986060699754945 -0.884460438158542 -0.868755218447036 -0.348005522840831 0.610658825484242 0.607022153414864 0.60186175508312 -0.280567347317331 -0.122963892770093
-1.03968143994051 -0.581535679394908 0.187978090913941 -0.557649104825482 -0.0580911218898032 -0.43383315224393 0.15227373872846 0.606678961764072 1.34772090242402 -0.468161530978184
-0.99523762354126 2.24110578776887 0.10082586081796 -1.20066862612919 -0.169509335058984 0.0699680981202615 1.53993832210443 1.15227914708706 -1.88939233315126 0.605354680212291
0.911667255067487 0.075425062664872 -0.97729611993792 -0.961725372431644 0.223970882684878 -0.319980478334404 -0.584484927064799 -0.814138642297503 -0.882974926268276 -0.882130558774238
1.70664694613114 0.897854580090816 -0.187376390057705 0.453146956218378 -2.14351827908208 -0.170213055761386 -0.952866642563585 -0.531745706520479 1.55884640303116 -0.574999059073387
-1.11821601595503 0.547218429651148 0.360296876354834 -0.626987327256926 0.872838565052824 1.44623702505649 0.992072285006861 -1.01415893693631 -0.0424929862740703 2.01334773458208
1.41742357803716 0.350543819597534 -0.08865174742684 2.22130563344927 0.0184177763771964 1.09029088955286 -0.0497990217550526 -0.584086604297923 1.26182250524549 -0.945389424732235
1.41427571780917 0.157104688429346 -0.991850872611795 -0.725952898133383 0.727133747120515 0.762190984432664 0.527611698560787 1.37523341697931 -0.00850787165341294 -1.65418704322863
-1.45606179876874 0.905002647758942 -0.800262279513071 -1.62951815981401 -0.823887673309205 0.883002819599767 1.65859742535279 0.934872824624067 -3.19508179332024 -0.252123431964423
-0.255567922179198 -1.67987134562483 -0.421496643627843 -0.200339431959141 -2.11265875296804 -0.25824610424644 1.33396754749921 1.19871525318307 -0.540340996888425 -1.40805028177089
-0.0783895074650912 0.016514055078471 -2.48988574494941 -0.211861050400644 -0.486751793638031 -0.510836293185595 -1.10562073777416 -0.538442400057862 0.0824667851801892 0.629228730727766
-1.16269342448904 -0.116077537473689 -1.83810171609292 -0.396943455102434 1.22537531232096 -0.0467403742155533 1.18062787153696 0.0693874501883165 -1.42280883103738 0.228491030728106
1.7811250262461 0.299167485630302 -1.42518509014223 1.38115099356845 -0.575507078780337 0.603218492198619 -0.775457193681075 -2.14564576132621 0.456353696258368 -0.298597841867409
1.54633434939302 -0.124392824164138 1.3542589104369 0.911644009408977 -1.81875558414002 -1.37609794058867 -1.33838520638101 -1.8800108392524 -0.294714852239227 -0.206887900534384
-0.720100144717799 -1.391097503248 -0.772550138711072 0.8281284037964 -1.83762364531628 -0.833025122936297 -0.0472580092363244 -1.51884268091446 -0.872095583667615 0.274083750730241
-0.627319670137071 1.53202390245231 0.465663977301776 0.739636092372918 -0.116901905036472 -0.973521105119973 1.04230987581289 0.245139441861963 0.154478033807003 -1.5549976179049
1.15699247365366 1.5022453737727 -0.967779425767901 -0.0837696968468157 2.491270223184 0.442183272984522 -1.11336752336346 0.797011180732849 -0.644807390360332 -0.437034754034873
0.857533006664149 -0.0125207074010814 1.03059944211657 1.23478474474879 -0.907137481689152 0.368893135677229 1.30917770243123 0.608530844282412 0.223269491823638 0.112264467984665
-0.903886090377412 1.94850234672399 0.570171556864202 -0.228920465470046 -0.910611688772572 0.225541051322551 0.568590676846192 0.111676370049667 1.7776747288907 -0.405419076540756
-0.330316261632654 -0.601271076444208 1.68526439426995 -0.856397722941481 0.323025544636906 0.765334899766117 -1.28242609059143 1.372551590594 0.425376591839148 -0.122359816458861
-1.14099033239466 0.62032523974819 1.26433233398713 1.78791772761661 1.60966583642835 -0.65974751518324 0.869468204541301 -1.03255617909783 -0.624100560442027 -2.30774621277157
-0.364700450734039 -1.03616351008574 0.260339786628079 1.90950126719649 -0.116292550775579 -0.644849845876155 0.906111215858397 1.15083614645842 0.604546948726428 -0.644149556122607
-0.791645042077086 -0.991468778370621 0.509162414668376 0.501029686273301 0.495382494980464 0.575406163119044 -0.824519948095731 -0.92520185607709 -0.744861650642745 -1.18046977619042
-0.153400866097231 -0.964742445986086 -1.41699791206331 0.578321016359353 -0.532451562665371 -0.304164843825526 -0.682771940776462 0.798762889141246 -1.55014152461299 -0.73263939005506
0.0711255671099554 -1.18694281335432 -1.59548357981543 -0.382887582520765 1.27307137948688 0.17286222726138 -1.53583370703906 -1.06653309013168 -1.23735951171757 0.872944649670916
1.52576686927078 -0.645197743146603 -1.47907190336388 0.865736148341776 -0.808175289644953 -0.197109732458539 1.38865577588956 0.481290270941237 -0.866348482217753 2.56780196593647
1.91646763628238 0.960890947541723 0.875560616698538 0.670334043194472 0.853417693997945 -0.222857266351595 0.340496906704617 2.1066769072001 1.96860598589143 -0.00478408410739413
-0.662149528310554 -0.678125551128675 0.176972388232849 -1.17983604737509 1.0362448277234 -0.615099829728124 0.357191614834535 0.711877439286372 0.246023928536322 -1.53172634950484
-0.569311480036827 -0.433080322175489 -0.0991350860667586 0.043271133788521 0.0893944086507067 2.78963063628995 -1.60868610452132 0.365947206498731 -1.06194232114949 1.32228522579578
-0.959751991457295 -0.117815539694149 1.33570934419398 0.143705542135926 -0.290224280869308 2.44364590045994 -1.53147666810841 -0.548289928007257 -1.06561956683125 0.611004595931738
0.842458356657314 1.447205882893 -1.1821797179685 -1.44744468429899 -0.883026279090081 -0.00150159842660938 -0.67207986569931 2.22757561301336 1.30080205259287 -0.411202563556709
1.36570967382361 -0.461289581378128 0.925951528514622 -1.40072269109218 -1.00438465256024 -0.0778478951833084 -0.710586686197517 -1.84347420792837 0.144178141963266 -0.186950452913964
1.00710167805264 0.759929266342592 1.01924552425937 0.424190072338544 -0.173398392054989 1.36654702998342 -0.325318290601304 1.41491084763906 0.150578406715068 -0.926574671813488
-1.31646619425182 0.769474645998188 -1.92410631236081 0.806483735203439 -2.5126848497718 0.776572822038803 0.47880938620792 -0.219626399149598 0.576286262418539 -1.05065120559812
0.0429903034974371 -0.164266478745358 2.14399371633383 -0.107815387288168 -0.391852896472117 0.55581085645734 -1.77779925081329 0.839941663391004 -1.07744470590672 0.0535477715825799
-0.240764093955762 -0.996385947048579 -0.85725492843159 0.138431003799323 -0.505154628562625 0.523256612531005 1.44057511593164 -0.228037264469197 -0.143269136303026 -0.219112891448053
1.66169850778433 0.774093612945335 1.24481314935782 -1.94380444651966 -0.327440288845204 0.855055059593724 -1.21299798977766 -0.236700223740033 -0.180920328602103 -0.0249531593774439
-0.93381719144848 0.898597954271007 0.16551806845501 -0.330695645062988 1.24890653528084 0.597660317682216 -0.450749393103505 -0.698768322197669 -0.145196478623321 0.41773237398195
-1.38039186373777 -0.0962183637097691 1.7321459405198 0.184488613925349 -0.397356949962204 0.561961255784989 -1.34030646725424 -0.0258305493718343 0.896535385199472 1.61723394877509
-0.0709769886541848 -0.0531537888224744 0.418190044281041 1.25151760260059 0.462424535448812 -0.920928975131799 -0.922206909426149 1.06892701071518 -0.364979729811738 0.404149517438775
1.10895735746154 1.34849940042439 0.714801099642484 0.601858912253996 -1.21839053858704 0.553473275013303 0.223980088210482 -0.873518429316774 1.44912277687159 0.720058426860658
0.957986179991098 0.36343221318542 -0.316740722118784 0.423443856138754 0.293047434250633 0.607684463473594 1.37264529029051 -1.72616050365984 0.411573269021102 1.23867724916594
-0.912404273824699 0.891640190025122 0.540730191567034 0.488784262033499 1.36269823146276 2.09614419553994 0.376370231783919 1.26182254294723 0.28858569851675 -0.0382792356912901
-0.110718660595077 -0.395587587890188 -0.593625024961845 -0.150675584367721 -0.319095391492018 -0.613867506252425 -0.263307149446383 0.904280234959634 -0.0411191177318824 -0.319132472977578
-1.82138827309745 -0.132467450936883 -0.461575797840782 1.35038077470449 0.0139994642313251 0.150988829899229 -0.758510668435654 -0.344391200513063 0.680331929016719 -1.86216846402704
-0.450481794810331 1.67033395159984 2.01743040699609 1.11939163167653 -0.821168921593889 0.399898245911641 0.762406310869085 -0.175160182023553 -0.662775841143437 1.63552902498171
-1.32646903137287 0.92582256733385 0.843393387765972 0.299340549863215 -0.371385586946277 0.308615134683087 0.520669074061719 -0.377468930554416 -0.359563541528474 -0.228123790641923
-0.546992012287097 0.531338211992918 -0.0347698276661115 -0.770042930076448 0.949289946698713 -0.39060294608653 -0.660416663482938 -1.08041454399495 0.75253381909006 -0.0255290291076327
0.516972066304931 -0.907977959093423 0.326769421765537 -2.0340288708638 -0.308816779400262 -1.48334256721173 0.159026017863174 0.0711662558225164 -0.513365946034197 -1.01484343926941
1.6653749909543 0.262803531345368 -0.456960260831689 2.08528289463106 1.05159650961285 -0.233059110765606 0.398158982940619 0.232656699787132 -1.902500505542 -0.203622756102591
-0.0373009153405821 -0.790491369166804 -0.97941843876411 0.175636257529459 0.758152490528519 0.451183278443739 0.0639760190190187 1.27663576806537 1.01610048230176 0.705669023914744
-1.06668597116037 0.814236846770562 -1.20383933291793 0.932120876728779 0.770457455899982 -0.623242361782001 -2.59323516583049 -1.39895712610946 -1.69361716440876 0.91439031568452
-0.851968072196183 0.941986467331144 0.925197208345546 -0.464082781569801 0.520159801949273 -0.773988842436398 -0.0169110134297195 0.479596071342698 0.274594562295121 0.242778178952275
-0.194815022813683 -1.64633871004011 -0.136713655424667 -0.261311757835254 -0.769473008075931 0.820054540026742 -1.0115468083722 1.31100738841287 1.0384141376863 -1.03159401120549
-0.547985684323964 -0.317307319193532 1.13876709978266 -0.0841898885278215 1.84436918317538 -1.77097715745517 0.863931454568292 -2.19873147770515 -2.38356982618548 1.00751527023567
1.70228014628578 0.317388944790795 -1.49936805398501 0.149876882736169 1.05198516452185 0.653178889041849 0.054515367561127 -0.433406693472316 0.22693113963162 0.565781130652692
-1.1348775615358 0.92294478968805 -0.89413691866678 0.664815528515076 0.258222334640951 -0.911312270679579 -1.15414060585886 0.461899670172252 -1.46253092463298 -0.40245549309161
1.61223628444451 0.475153178259283 -0.673253320645246 -0.277975970873411 1.26445894987429 -1.45855639238729 -1.21389247875664 -0.390195764071125 1.19055548359698 -1.92759259998031
-0.475857010551921 1.53781211661192 1.34252405582833 -1.04413664470961 -1.11995390240617 0.319953328382111 0.665778271358614 -0.414952905066914 -0.297666763539976 0.956054574453667
-0.507874216207593 -0.457009275733751 1.18834325385125 0.19052643312883 0.967807796088897 -1.30285498200728 -1.30313801032299 1.39032079056573 0.133291916843179 1.37722713579865
1.32591068304815 0.645374507215342 0.372440203544622 0.3145730332969 -0.324244921726069 0.962030452525732 -0.483034550194429 0.084693076331575 0.28018835071472 -0.395055501282508
0.11391430161525 -1.30752435396579 0.236709771987591 -0.410022008146963 -0.430249980805084 -0.277814422034027 0.59638336276308 -0.167104141988853 -0.669931703196597 0.490479903021813
-1.15556723494632 0.259233185777171 -0.134857452615104 -0.748004352689884 0.186619250317979 1.28743086644832 -0.544463242723914 -1.29403566904738 -0.602353752709334 -1.50609966923676
1.4482602205199 -1.32316956741814 -0.11952772877681 0.41634225929994 0.936042615398827 2.30536411590252 -0.17138089895641 -0.87641820254353 -0.040196610506289 2.66620418358353
0.278159200830365 -0.478546747945347 -0.10876209906201 1.02750850204698 -0.282845589774717 -0.0206388103672986 0.852017445365928 0.660810242207266 0.286257462043313 0.641916168488346
-0.849509979499236 -1.39000556581842 -0.610990923606192 -0.8556937342943 -0.345514968525756 -1.70966980612721 -1.00507847871402 1.0171455495726 0.180892133119267 1.28317758395678
-0.0771320081551403 -1.10612659081488 -0.486934264073482 0.681242144813452 1.34709182971997 -0.944897789224586 1.77823181664518 0.234890676201077 -0.340955351124906 0.24922274391638
-0.653223668686267 1.21411123596172 -0.933794787601801 -0.581632872931887 0.0824266389564327 0.328289575735076 0.417096484541624 -1.29483651169964 -0.454295877715783 -0.217754659876544
-0.927948167057475 -0.645530482925752 -1.27899489811731 -0.482108314965754 0.076413568095516 -0.342817167054236 -1.00020592391096 -0.0963789233698815 0.0987430189030831 1.42125666307339
-0.39147711030687 0.786097684491976 -0.901510604569004 0.253626108990065 0.124394164139969 1.28445998092599 -0.17355948867781 0.396397799193482 -0.258580805911398 2.26109216215131
-0.421240898442667 -1.15517766048583 -0.135119132650213 0.740750299415436 -1.77747151874408 0.0242136935265757 -0.162673299962245 -0.170969468708856 -1.04824337657161 -1.47271247217297
-0.505312405189869 -0.935782403496472 0.278608888319468 0.603504337931165 1.31050008292085 -0.717127794701014 0.45982310715161 -0.0709528402522198 -0.187145380373471 -2.552532774835
0.778513732958608 0.183773402403068 0.594289420364109 0.407397853261156 -0.994126754923782 -0.67336848176812 -0.315607025870554 0.21583768587065 0.0143286898766881 -1.16844656194922
1.2571112260653 0.0395845085442692 0.42977565819959 1.25721589237389 -0.00260047582152552 -0.0774047728083658 0.773564758510155 -0.609820559320813 0.797548895358404 -0.841276571776484
-0.25780863628336 -0.653123664497257 0.239797591010562 0.0583837364427987 0.251529382555248 -1.28100563164405 1.78042976712113 -0.395153018856503 -0.286959551576972 0.821306265278406
1.2398301982117 0.378033046412111 1.10307815715646 -0.194350932008367 0.0550032606665424 1.01337982415049 -0.439937828822336 -0.818817523026269 1.30740525345292 -0.124521349217827
-0.163040608489915 -2.23442905561483 -0.466780197077636 -1.83610328870945 -1.22910559543997 -0.150872482239769 1.25447349305155 -0.579542656409371 -0.479326759729446 -1.37094712294788
-1.32255760683781 1.06415137109822 0.129071039654414 -0.360403601337407 -0.662056288547376 0.897040177767926 0.245333773352251 0.564258670432833 1.06206995020702 0.224421211382781
-1.25163107892693 0.498906383459056 0.619564591653796 0.953260044234603 1.62139840199417 0.330937740679016 -0.116983431525977 0.0676949676506589 -0.789965072548346 -0.686857391676453
-0.894328182554885 0.512929163975607 -0.14313490998002 -0.613351165772892 0.121887393002051 -1.35203366129194 -0.587430443645029 -0.414128528299691 0.0221866427068061 0.129869214843095
-1.12488595442825 1.62614319360585 -0.263381091647208 -0.109337332669614 -1.61929391718651 1.6860719775399 -0.128401053618487 -0.177296546049061 1.9444285335311 -0.363809320288687
0.70056983385712 0.192427180415517 -1.47549553965318 0.306273943809258 -0.0691768265830052 1.01833785388801 0.553874747071393 -1.42046061352935 0.265547202530036 -0.161260995837489
1.51023232471525 -0.20507209988659 -1.79691320808773 -0.605862860236868 -0.113445426468103 -0.373971153069024 -0.569212649295866 -0.0168231081234719 -0.148500583317058 1.27619536104522
-1.53313097470125 -1.04835979853227 -1.60321559818507 -0.436463753278151 0.813022595142303 1.73026421570147 1.11912243766333 -1.3385873320436 -0.847418750058321 0.038221171478216
-1.24129301325958 0.920916556430512 1.25810941958005 2.08834943864279 0.418276143234465 0.000995410735628384 -1.18394736053814 0.374785070564412 1.72182361447231 -0.489332882440067
1.04444805633325 0.103428280510631 -0.571504260094348 -1.53373993852801 0.414697724066303 0.691828464591345 -1.69890601055582 1.91221410163114 0.786898986826512 -0.611993634466876
-0.13556704336595 -1.38107961329167 0.613601785943235 -2.38610942706005 1.18470143830512 -0.281687018738245 0.818338513073189 -2.72202099118111 1.42001535608888 1.73598106317216
-0.8554980619698 -0.408756857590195 0.890036918777909 -1.08371829285749 -0.902467892780331 0.78848888947298 -1.16188782350408 0.00651385762204458 1.60649388086723 1.62554520990205
-0.767510740808729 1.94752833287586 1.34290157460808 -3.10323654097425 -0.515370978660291 -1.45200463942099 -0.757026310901942 -0.341173992662041 -0.60553147586822 -0.0263772112541146
0.938238748923033 0.20871652395837 1.26088074320221 0.74051775502263 -1.44604627696867 -0.296854594195987 0.960742891010052 -0.562331426561077 -1.78328010799489 1.1503492934911
-0.660283470078031 -0.977579893271024 -0.537278270475874 0.390496095001385 -0.823404352510286 -0.985127018775101 -1.26456531513252 0.114667836180946 0.789764264756874 1.97388894620578
-0.213912457127867 -1.2650966634969 0.463571085234417 -1.73015263668521 0.378210107919335 0.938615592133948 1.63034608990327 1.64083562254328 0.131380968592702 -0.848273710214377
1.06618698684106 0.0959821556052331 -0.919324818132304 0.816793868111553 1.84937877745174 0.479994500008128 0.845370502460323 0.539573519588631 -0.653061996720458 0.808911346564033
1.22189941122255 -0.356708105940036 -0.737659911317548 0.314985942841412 0.908083828411754 -1.67521665843712 1.37987061067558 -0.694663293236267 -0.621087419956734 1.21840464162682
-0.126930189421517 -2.33976478582887 0.533184665501431 -0.871411806480442 1.59950224716007 0.0675489688641662 -0.70641849694887 0.00870790863224963 1.30210680480793 -0.911627360290767
-0.901289957303145 -1.49819435106288 -1.18785909587173 1.22473434012254 0.675289462386538 1.82223379301949 -0.611425830173093 -0.267560504778915 1.26415136278648 0.370175567477092
-0.665914906691039 0.567137724979596 0.522271569624159 -1.5610940507982 -0.192079612287271 -0.00854308768066742 1.72281811410557 1.20351301891754 -1.60047905331172 0.407338217474071
1.37423672403292 -0.110078878997218 -0.959130821392908 1.20485806154767 1.46155573601742 -1.16522758976806 0.164871224751284 -0.0896648989789335 -0.567269852298952 -1.11358996177938
1.59105816702839 0.0791179950779281 -0.513473760358811 0.765756143869438 -0.230216613286045 -0.537662434082043 0.396111657804777 -1.2501918507744 -0.240532955207316 1.18381279117593
0.604773916300751 0.113464661803267 -0.290807570460237 -1.43524861517666 -1.75301745892798 0.0347173954488684 -1.19773751563046 -1.26558649788301 -1.61488886944538 -0.61612578493908
-1.67729757342503 0.258927114387606 -0.982636632296259 -0.646814870681813 0.00395668564402416 1.01714596888812 -0.24864400785397 0.37740302069935 1.01748826694066 -0.552955543259397
0.500988570900852 1.53546943150856 0.157223158261483 1.8498661419297 -0.0789269757905066 -1.32084004118083 1.25677117741911 0.906227570232415 0.548927670646916 1.01422193818753
-1.29458134354609 1.61981181931635 -1.05759839148967 0.725668648895149 0.556906815578754 -2.84101185535461 -0.00974093805131106 -0.397119530156585 0.644459274355481 0.550547773473753
-0.376194490663676 -0.503069176151521 0.429510246312516 -0.895182011650699 -0.237968690844638 -1.61185146841517 0.72594724931548 -1.36352310374233 0.691943850715377 -0.146356250640294
-0.641250585786612 1.15074627676612 1.42427971547113 -1.91525449357268 0.99351062498997 1.16790474298 1.36257439730555 -1.02929976452643 1.12108275944464 0.239366491261327
0.686140523102796 0.927258880129227 -1.37057160964716 -0.374854840448511 1.64794673490126 2.2489120876693 0.393774145359437 -0.307435780753749 -0.301176966283702 0.169223648346668
1.02895562531192 0.645072323482461 0.0452396656125836 -0.479650488745115 -0.538811106805282 -0.563530407746299 0.0305978070005105 -1.1850589436189 0.688646685118651 -2.21858429633035
1.60941003837675 -0.917003967268978 -0.0702931227505125 0.423842828582628 -1.70150708678805 -0.0531816121018346 0.186790329407302 -1.40235719410443 -0.732117852447474 -0.909272930993928
-1.03959353326924 0.160315157758055 -0.153458785043335 1.18198780666225 -0.624350975018445 -0.835472139799063 -2.1630431223444 -0.658639509660388 -0.330892276741041 0.331347516364758
1.55789416651985 -0.251275262294509 0.714500799108389 -0.704657079876393 0.91472237375444 0.638678670262765 2.26867799796751 -0.900246100387429 -0.521297806372623 -0.909063056946838
1.14546918574858 0.0989830916534556 -0.624303926593716 0.872064691795773 -1.3453990313014 1.57521290676782 1.30667826313523 -0.00123840694831587 0.707353982485622 0.485642336016834
1.11814829014788 0.760391396744823 0.347997758960754 0.165797380875085 -1.41581904593455 -0.410099912745477 -0.519147085304141 -0.190092335089595 0.00349161816950337 0.933617288364674
-0.420672185293682 -1.32055865555601 0.971581604296508 -1.35701635890542 0.567033779285598 0.0947339263374225 0.448745076647958 -0.306933092580048 0.173058811530049 0.0438291924025729
-0.519395340087117 -0.222535846621014 -1.87123799288272 -0.0440066713646387 1.52559272374573 0.196582429333896 0.255055828709184 1.72575105652703 0.0335550396128873 0.494626282586438
-0.928339840833913 -0.346847636218702 1.57435595637838 -0.0338858770637233 -0.825192982805658 -0.167590785118857 -1.67581141315799 0.164596693241733 0.394817490984152 0.368292869260537
0.39754434787516 -0.728126056697049 -0.132422219816391 0.281330275489949 -0.544642923078931 0.420047403201919 -1.11577143263223 0.259497214624143 -0.368065799499933 1.32941847402661
-0.637518639747334 -0.795995381879177 -0.402005408439749 -0.257921524986149 -0.0102290933356148 -1.09785732746068 1.40409735645241 0.457614260883592 1.02865019156279 1.0496636926987
-0.380802791608438 -0.825654833674429 0.646816020421814 0.352828901892747 -0.873742704888325 -1.38101849881445 -0.533649012304918 0.544020896434892 -0.323424308647915 -0.0932568456722559
-0.0399613649574957 -0.489453047171517 1.20539773723172 -0.780313189724313 -0.131649587604736 -0.504387900427327 -0.0948678759779572 -0.409636290460055 -0.754194190132152 -0.897462196909108
1.21231325654591 0.436420874238572 -2.75789674854804 -0.326003095965787 -0.612850242800431 1.17114191507151 0.139376543914202 0.975218073749451 1.86725636916111 0.638076668031384
-0.511309900912906 0.1973640403763 -0.0521270391140354 -0.970489887781945 -0.73639591565885 -0.0784849392888752 0.627416733598708 0.226312082561208 0.105391791736312 1.13210060608403
0.906845779040636 -0.10060938965148 -1.24337326725077 -0.721384263551868 0.133929812786428 0.948194128441167 0.357224401953918 1.62735635526791 -0.911163217893894 -1.02797156861259
0.202984863247628 -1.44730077729555 2.07821781665096 1.39857659631658 2.18948495558374 1.0480844359729 0.37940011526667 -0.13060020677665 0.964500543623796 -0.156074638824682
0.93555390966171 2.08517368554217 -1.03265906884315 -1.41890508644539 0.834574990956161 -0.977244536756677 0.843977309052543 1.50535787133034 0.792692549262865 0.276928156301649
-0.128102717717037 -1.04258066106309 -0.163743120698858 1.96544802074471 -1.21131239096487 0.825187713239095 0.699120654420031 -0.481684247597502 -0.804508939955258 -0.290025320227821
1.18883616160827 -1.22516637085372 -0.664234374102571 0.849250836388678 -0.705768593764305 0.849798347793498 -0.308418385016509 0.205879642212639 0.6864057093851 1.16304468117484
0.0608211016292306 -1.88077888691259 0.358257760444182 0.255332992742559 -0.605770899285954 0.579779971439862 0.174787314850011 0.486488498897707 -0.628762893195015 -0.604585408202421
0.549993844151254 0.609133502572178 1.53840917848433 1.02510217066594 0.442962794323731 -0.283716909260821 0.551132935187381 -0.439574367243498 -0.0238793365150814 1.66101236274809
-1.06759456838621 -1.3699978935185 -0.450748281041982 -0.620603473339493 0.0647726914480121 2.00804320336633 -0.921053003371697 -0.221740746370762 -1.73743967825522 -0.66480005464131
1.67630905875429 0.264581097773135 0.659141879077761 -0.08556450937938 1.30695747265497 -0.403023879864148 -2.44495047904266 0.176991433101476 -1.76302669305907 -0.295007506597774
-1.07119330116856 -0.0360631344783469 -1.37482489930632 -0.804201442416169 -0.838420807180415 -0.585056109010836 -0.654998753156164 -0.76895914209504 -0.0266935250576921 0.13770042903976
-0.387240421179637 -0.923551155766389 -0.335969482995461 1.17319539745999 -2.15176585960204 -1.40674123109046 2.16989995083432 -0.978374133131735 -0.556726185239983 -0.34630400983136
-0.725395819858772 -0.138076630119317 -0.896355497189785 -0.966356302096197 0.130947712243479 -0.0123592765680599 0.674955238671997 -0.631035262311039 2.21994100084208 -1.08357821982129
-1.21456649398423 0.975143793694294 0.372322094489038 2.3180742526631 0.34370854623003 0.691511370442932 0.119548045644879 -0.653181671405786 -0.259243787420875 -1.40449682835756
-0.117150669464776 -0.306397684660757 0.515986553306628 1.54890017560743 0.189279847305187 0.8556750582885 -0.719342012815919 -0.801793647267438 -0.450398991826269 0.857710098573307
1.21306185486319 1.06178094226007 0.171328137548936 -0.911884736360833 1.48504179710636 -3.04247373456523 -0.831921162792913 1.23568655834697 -0.237958606912899 0.808136194988359
0.156758057357133 -0.303361077624084 -0.336912180141991 -0.434653202735749 0.421532576511834 0.19376711718512 -1.21691344802216 -1.35499540636337 -2.48905767693216 -1.47031149486636
-1.00324576963802 0.645006015341307 2.61236746935238 -0.341227185572171 -0.295499813597388 -0.495525139005582 -0.28827880572873 -0.619208952274988 -1.37337139699045 0.632125896343648
0.945811190092443 1.07428803261812 -0.413175116762031 -0.580689260641684 -0.1616112036054 1.05472727147859 -0.808933328311087 0.121412769361332 -1.05331706801914 -0.118969255909183
-0.459348431481835 -0.89839692768764 0.619505991267175 0.453904698758383 -0.377090794607294 -1.00563051814943 -1.69234435332176 1.57119569021393 -0.594994598717862 0.109497262188039
1.67211927036965 0.642391074953462 -1.57787760141473 -0.806425638037448 -0.582412033904359 0.146061943933854 -0.264219794219973 0.65891580082463 -0.785178187959538 -0.388282125581799
0.283556369850802 -0.194899286855774 0.522611009332406 -0.52818274493663 1.80966384095316 1.57269167027336 -0.799199723217547 -0.104436630044878 -0.278979096246396 -0.318477454627232
-1.18118940017997 0.896700675903961 -1.2429662270431 2.1782063841422 0.271950608586146 1.16403154004862 -0.0170935857602536 -0.0240625456331635 0.799387489897253 0.481175917783374
0.87801379419962 0.319079674468934 2.28491624101781 1.40253061822701 -0.154334073103114 -0.412808437915419 0.613424609515379 2.33711674776214 -0.143944388215816 0.624067209342306
1.47828998744397 0.372787674587146 -0.0322868959241354 1.26795464568171 -0.403663207058614 -0.478905605289719 -0.412188481715201 0.395839706965969 -0.563980348685529 0.554398952009299
1.37165696901174 -0.101689683238741 0.0418582789994661 -1.17331786706361 -0.441577924504149 -0.24535227238358 -0.993989351914997 -0.945147234151656 -0.132837759107599 -0.278420095903551
-0.936375605700173 1.14769973600076 0.0279468746795406 0.419889720063037 1.37876001743087 -0.591399071912405 -0.778174675893811 0.753196234448309 -1.27596894181117 -1.40144634333624
0.558874568438174 1.02832012876607 0.531805455083413 1.66436516854867 -0.148770500686203 0.0190161171633548 0.435543191566601 0.741066449389062 -0.35062655020849 -0.597931123059035
-0.568219028035842 -3.02263058790449 -0.884960480156092 -0.240622712832686 -0.26371777806832 -0.731713270688709 0.6859269702651 1.36853280203201 0.70474514689707 -0.950140565806026
-0.862787572473462 0.785754419473063 -2.22779622530801 0.140291001430135 -0.909781957182039 -0.55835563550341 0.198192323660069 0.261013055734017 1.22346217843911 1.62065925753715
1.33896147771963 0.397110513417711 0.254979864835042 -0.850851968741217 -0.397228647880936 -0.774839415683597 1.33851183911312 0.538913495074876 0.35075951422254 -0.142109164460151
-0.654790172441314 -1.83485169209386 1.01105555438468 -0.205317058940412 1.16569890535074 -1.93180481535933 -0.970021371695114 1.18916152406844 2.19306052526262 0.537480739264257
-0.105679238783382 -1.97313962499077 0.498772622882221 1.27719506305746 -1.79308018547316 0.848667139468152 -0.341607351269631 -0.296535627528003 1.98353530013523 -0.632132150713683
1.37243534449605 0.985350743449983 -0.437030164632481 0.267567233542484 0.124215334086599 -1.23496962903666 -0.562831745801931 0.59826961081161 -0.796258669582024 -0.890881614838821
-0.457406258518976 -1.7867809824207 -0.582404041239836 -0.298724677361373 0.946661650588982 0.0819547809835335 0.773892755978131 -1.1333258586511 0.616732139815006 -0.702817793859061
0.715467016168087 -0.0267314016832363 0.339496434670328 -0.413350919934316 0.977430476578204 0.863114871136322 -1.726299249194 -1.11051794391194 0.0216122129278602 -0.928750435715856
1.5810712364067 0.313144200283558 1.33673878732676 -1.17525190336528 0.252393841790937 0.607124867288713 -0.316238342243276 1.06165567160673 0.0532064947329999 -0.554671030509916
-0.868065378212608 -1.80248518032037 -0.164844385943994 -0.340231781828688 0.664665163334541 1.55223746228155 0.278494131225963 -0.162227828324525 -0.726412690421839 0.28987885318981
0.401662897054113 -1.61678452047107 -0.300499480725051 -0.0851270137779767 1.19646766734704 -0.480148277084511 0.13724056310239 -0.41548702254668 0.845896701315455 -1.95013068577269
2.0079452796127 1.11847629980027 -0.262960913172876 -0.273552947640851 0.823159061836205 0.646648519689208 1.32057687095119 -0.835419515862437 -0.0646970177890488 -0.603479545292406
-0.102353945238156 -1.64490966972031 1.64501950836176 -0.0298811762456203 0.135957022103064 0.242428204171653 0.29127418200009 -0.534711013597577 -0.215684554207082 -0.627045873264296
1.4056919374748 -0.030842730960189 0.301838033632634 -1.61941847980558 0.613523639769313 -0.572903346253379 0.0691833456693606 1.17550934532279 1.10436159762354 -0.407796738622307
0.199260470017789 -1.56199272654372 -0.554617213872141 0.524700478833324 -0.0177116440960173 -1.00241468673952 0.341501091305833 -0.0507951205257548 1.00715969681068 1.12356447848318
-1.78975100895772 0.502215320478121 0.190269508869693 2.41462995685265 0.3822565076604 1.36786477309566 2.094052100513 0.644938036290512 -1.40153928126685 -0.876794056695516
1.05530282190311 0.127142033743419 -0.548750381187922 -1.52808974499227 -2.32277028777111 -0.945560831418876 -0.198182477242595 -1.14033564372993 -0.0149250969504298 -0.786120834576357
-0.441403507344538 -1.91552513051233 1.20826794790823 1.40148175607713 -0.758783647569424 0.689747586765074 -0.211269458865617 0.610788368469698 -0.106285890899127 1.56918703188934
-0.335601607944386 -1.46331342151182 0.797127763876872 -0.469182919571447 0.652290747506856 -0.615261415567345 -1.56291212679745 0.88286030140633 -0.485881053866976 0.288835219548481
-0.936957082170204 0.434177800569246 0.0226568066758095 -2.02130158645209 -0.0799762071377936 0.314121625511276 1.41593908863749 -0.618180131935311 -0.721472000249726 2.21035227254293
-1.20529897190477 1.50870845934705 0.316479375822963 0.405299025363368 -1.20510100887969 0.385933973580545 -0.653560909632368 -0.980048172028769 1.25647592449271 -2.09691697436788
-0.894117019896173 -1.08425449194929 1.32128815017205 -1.47937414483509 0.879023278070135 -0.126384820454873 1.55827017143135 0.357898677739807 -0.69969493502152 -0.742618971741937
-1.27188270133546 0.687044111455424 -1.24208553381549 -0.163040311764177 -0.0711275808807672 -2.5271803760841 1.91885021570585 -0.825896448189031 2.28975639585193 0.417399008609325
-1.44482171836707 1.14825802605776 0.860195259422585 0.252412762300138 1.48745320245202 -1.79824197467995 1.60603907046878 -1.43186154838855 1.85113323815309 0.349585620612322
0.0893712994833211 -0.350081484162061 -0.0735164309125414 0.580996516820804 0.557665834605292 0.119973444896254 -1.28178753062921 -1.28894129684105 0.691816818843183 0.149770888127494
-1.00063390329522 0.569792722833758 1.32311101259741 -0.278160548119224 -0.126722417791886 -0.280343248930638 -0.59847579241411 -0.911424222352582 -0.592435367872035 -0.045698087501874
0.425104171217808 -0.347467771301824 1.08759130893957 1.03873380021505 -0.617475289216703 -2.80990890139187 0.285114002090205 0.351783980699808 -0.856378100736357 0.367257022133193
1.91337326742584 -0.389791032266648 1.22498649572902 0.395714899151054 1.80096899102802 -0.0971340636411891 0.191519365865363 0.699671092659687 -0.339280059536874 2.77815611632836
-0.30568621377395 2.09029863040481 -1.30668349743266 1.82075243440792 1.15370403378941 -0.748017614080449 -1.37742957008875 -1.27746246880193 -1.73941428645753 -0.260513344695809
-0.755857332932339 -2.04501406657243 -1.35116618738675 1.29903193363201 1.30028032033208 -1.31062219731198 -1.11782273790319 1.09115894125674 0.607379279771012 1.63401300687581
1.25218355537255 -0.107095547429517 0.367502293227398 -0.812625679588262 0.202873357219858 -0.117626519079347 1.65027595676447 -3.82820307876474 1.20812580215386 -0.550788207748345
-0.361091129956351 -0.316582852049765 -1.53950013352975 -1.18865291826408 -0.0834716733681178 0.874762064553176 1.1410286747126 1.28988085521266 -0.455268784031991 -0.714136737187683
0.946988134008427 0.129241491935381 -0.179987779342851 -0.752723131181369 -0.303230202421116 0.542273505571721 -1.2276057863484 0.0645117006141831 1.11488323312472 0.15414977978394
