-3.367094694971826674e-01 5.893629148674912610e-01
-1.346067818487726697e+01 2.721979173579712974e+00
-1.574948222352700711e+00 -1.682823321418373652e+01
1.049033105672130439e+01 -1.113940386479957390e+01
2.881001288299627650e+00 -3.986472560663863351e+00
-1.777897763264007480e+01 1.392324312373315574e-02
-7.628853809463215896e+00 7.979708286355339908e+00
7.599164591511097910e+00 -7.635637839561068674e+00
1.742079100537017666e+01 -1.131074786629184592e+00
-1.157583527285929570e+01 1.352383125922669294e+01
1.208627327170957599e+01 7.422146760214304528e+00
-1.572844932573684318e+01 -8.220134150041571885e+00
-1.138694987365593825e+01 1.531584680862260583e+01
1.696103072216576635e+01 -7.589216675782464172e+00
3.618292121677431972e+00 4.336284061098836240e+00
-6.273240591047248849e+00 -5.685527060040323377e+00
-8.941335539036522562e+00 5.744363894061194742e+00
-8.457452436113600314e+00 -3.013269371046001677e+00
1.136883981016544354e+01 1.559469664136469014e+01
-1.015862800114493147e+01 1.949721885132250421e+00
-8.291500651495844920e+00 -1.141316074555180117e-02
-1.333155053735804074e+01 8.949206691599510322e+00
-1.098380417894616023e+01 -1.055812576504610156e+01
-7.234646052927142357e+00 -7.049995964809929738e+00
6.159579468985823425e+00 -6.950658860456878863e+00
9.331470607622577518e+00 1.154237943426279145e+01
-9.924183897901006191e+00 3.338434113653501178e+00
-1.515588394254428373e+01 8.589927647483282414e+00
1.132584950910880117e+01 6.541047554265453812e+00
-8.368507267401192884e-01 -1.708104905349411951e+01
5.581738688919250180e+00 -9.395498071718764166e-01
-5.351076877173977842e+00 -1.098589887353638517e+01
2.119727268580041901e+00 1.429148020413084730e+01
7.962839486101792374e+00 7.509676829928134900e+00
3.457489345066922848e+00 7.985609966709440677e+00
-1.873141688810433081e+01 9.389794621770282124e-01
1.285315369090152338e+01 9.404613794053847897e+00
2.401396572013183217e+01 -3.301941589773289998e+00
-8.918302569206728592e+00 1.025360174687086889e+01
7.944627645038205621e+00 1.524449495140221700e+01
1.286561797168036669e+01 1.191541424378286074e+01
7.687345205125351910e+00 1.348206324564299941e+01
-2.092309330352502883e+00 1.143019286098417631e+01
1.935882252829718375e+00 -1.045079077086653818e+01
9.061695001730520005e+00 -6.187059838266665279e-01
3.986065983087602405e+00 1.840376582468375588e+01
-1.578648643913958338e+01 -4.974549751891162441e-01
-3.401272597177741996e+00 -7.601107027031939189e+00
-3.695291177210489053e+00 -6.289128983722567234e+00
-1.189082253215800122e+01 1.527145401341061692e+00
-2.708112818430497448e+00 -4.153705159756564957e-01
-1.253028923066817413e+01 4.655918786041927326e+00
1.432224953130244671e+01 4.820585172486447689e+00
-1.505324954180196961e+01 4.019012688410720457e+00
7.282951394205714024e+00 -3.884379409378688752e+00
-5.343693607513884558e+00 -5.037559278288094022e-01
1.475788185992897017e-01 -7.848607264687075258e+00
1.139143190945075901e+01 -7.134724364563951760e+00
-1.934340928953173133e+01 -8.787437316769119988e+00
-7.751806779938543279e+00 -5.235214737327702039e+00
6.351724615043736755e+00 -5.118125815207712925e+00
-3.154530348036041598e+00 -8.922870439292061917e+00
-9.533728609458190562e+00 6.991517946784033821e-01
-1.730491332772027713e+00 1.669770767212284923e+01
4.715046001573302448e+00 1.673424102694589166e+01
-1.753988159085805520e+01 -7.284922659892983710e+00
-7.550010335625813029e-01 -3.925117630863662388e+00
-4.658906253566876821e+00 1.574336170603096718e+00
-1.880449923729244244e+00 7.700533713862742324e+00
2.891550714762001650e+00 -1.250339691220956695e+01
-2.190345883213822376e+01 -3.041435111926838797e+00
-3.373253429878543930e+00 3.120686439083637964e+00
-1.469028406617095328e+01 -6.335972189302359503e+00
1.296574424961701411e+01 -2.055338342065823554e+00
2.999998448185215771e+00 -1.096650941268267587e+01
-3.297858003535425020e+00 9.989908134969686770e+00
-4.167805154337304169e-02 -4.944360261019369318e+00
2.041491724472331293e-01 4.254662590369607145e+00
1.705261280291464487e+01 -1.002471741896481028e+01
-5.815439652896850831e+00 -3.944041441235663470e+00
6.972250581326814967e+00 1.755664952857904693e+00
-4.860867824395588066e+00 1.603564899574958602e+01
5.614929238745878237e+00 -8.580974501313912484e+00
1.381316914106820448e+01 1.035056852604855138e+01
1.176407797931288890e+01 -1.270310202799045030e+01
1.151279121814869022e+01 1.524414631591225477e+00
1.700296042265740493e+00 -6.876826303222876469e+00
6.518690265166949160e+00 -1.299156563705099998e+01
1.530155498963210015e+00 -1.337277046621500887e+01
7.004226151469017836e+00 9.189124497978355066e+00
-1.868221499372845784e+01 -4.725134397966685995e+00
5.525201630211440396e+00 9.575034312745264842e+00
1.006339052836484527e+01 1.002062620598574760e+01
1.223816194688383874e+01 2.333729671931062732e+00
-5.282775170082071980e+00 -4.160730128240680337e+00
-1.078244185340624028e+01 -1.356922787837160271e+01
-9.552701015240604221e+00 -1.222850935649443915e+00
-1.898552988873949587e+01 -5.766563979060689071e+00
-5.857288917868971323e-01 -2.817393069270527128e+00
-1.013443739184824999e+01 -5.227175231159999491e+00
7.226356365310539154e+00 -3.007896612278151416e+00
5.225358853417785276e+00 -1.303221033420246400e+01
-7.469632290282313569e+00 1.963025310355956066e+01
1.048721060508229463e+01 1.243076852878007799e+01
-1.424315751717506195e+01 -5.365499047476915528e+00
3.595296698575665584e+00 -2.199784182083434203e+01
9.325677528960405027e+00 -8.538363049332144072e+00
-1.472067986972314557e+00 4.691329075489124811e+00
5.554353996050457098e+00 4.532056922443667979e+00
1.182671196490828969e+01 -1.171874670205046698e+01
-8.171041127877742838e+00 3.505029010840966297e+00
1.045910670586427393e+01 1.324168934713899626e+00
1.232077693984172129e+01 -2.212963044999065754e-03
2.643871959312333875e+00 -1.007993911662265152e+00
-6.483991291042350724e+00 -1.737137559519122476e+01
-1.303018190425667910e+01 1.094463663262339992e+01
-2.654911260380643956e+00 8.598829551652857006e+00
7.630618048828684330e+00 1.191746754669761987e+00
-1.093347217076932587e+01 -1.204258184814445087e+01
-1.175102663293266758e+01 -1.317207908475462208e+00
1.787499587181914862e+01 1.095676942628293205e+01
2.051491938078907751e+01 3.613478290666415127e+00
3.936539697283698125e+00 6.915359733453767532e+00
6.979980679276962086e+00 -1.904316515448903502e+01
-2.053005987318850600e+01 -6.347332725376764628e+00
1.548179191109717856e-01 -6.075161508117785658e-01
7.363979313767760715e+00 6.667998288496509218e+00
3.083840669600256823e-01 8.966681365003022819e+00
1.114997542106482520e+01 -3.301076603247578234e+00
8.523753365572106944e+00 -4.214921139809240991e+00
1.175204080576273213e+01 -9.041026262117972223e+00
-2.056348089952085623e+00 1.776839508327072492e+00
-1.830691417641422092e+01 2.523756261777021059e+00
-3.784029148638980100e+00 -3.244646906209800008e+00
2.416515432874335456e-01 -1.319504924248467681e+01
1.815050102030965462e+01 7.676972523947459770e+00
3.125508260072238365e+00 1.038416419209817576e+01
1.386415616572275411e+00 5.682905446108720504e+00
1.683132999618238701e+00 -1.669309695411374150e+01
-8.847574087762669848e+00 -1.916689431776469332e+00
-1.429832217523918914e+01 7.124251821850916322e+00
1.779994927629732970e+01 -5.859155773897898101e+00
-1.124166867640194845e+01 7.247211675129953790e+00
8.462178385042028239e+00 1.021670658806414700e+01
9.012552430781127555e+00 -1.087199193455808377e+01
6.320808756782049898e+00 3.165748737873613550e+00
1.584757535022868069e+01 1.115739650483371825e+01
-5.758252505263804721e+00 1.678749485220768989e+01
-5.879897471960106259e+00 9.846353493684345537e+00
7.460046939032148217e+00 -1.391590430454161798e+01
9.153801986515853528e+00 5.045746611906212209e+00
3.136089007706652332e+00 -1.988501996350542589e+00
8.408916778775443746e+00 1.338943826058824449e+01
-2.821747979886065849e+00 -1.249733842095028535e+01
-1.968494655827012352e+01 -1.145734131872746708e+01
-6.427290791279247628e+00 1.376824010596677539e+01
2.173687620914421359e+00 4.659299381939834284e+00
-1.357457168407804105e+01 6.090260552667587035e+00
1.056838695596607758e-01 1.101385373038477589e+01
-1.621523004739860596e+01 -9.443824768055376850e+00
-1.089114203732185038e+00 -9.007157572744082685e+00
-5.772055437051080595e+00 -1.630146177116021278e+01
1.614548260381387479e+01 1.198141362321888792e+01
1.418868954275763983e+00 1.060299847188742106e+01
-2.626945974813334583e+00 -1.304823508021741407e+00
-2.032590193629282282e+01 -2.427202053006237925e+00
1.284527822476321113e+01 1.302902973202438375e+01
1.002454318062183702e+01 -1.495226604919481339e+01
2.062699984320402802e+00 -1.723895504974828796e+01
-5.794316884031969650e+00 3.738303135962046664e+00
1.577002758968004059e+01 -1.222328998057672855e+01
2.586204044390574452e+01 -4.960073681756977493e+00
-3.321625648208777370e+00 1.072194283562235562e+01
4.077088656028746705e+00 -4.053512678637763322e+00
-3.768088111974355670e+00 1.598800740609453364e+01
-5.964712672679765681e+00 6.407529348377775769e+00
-7.257113172642769783e+00 1.865272839428922680e+01
2.856796859335918870e-01 -3.802242035930805120e+00
2.115482253683114600e+00 -7.655397174864611465e+00
1.280072534889597824e+00 1.723421812352860849e+00
-5.048921133454093990e+00 3.860978218761221381e+00
1.347205503893709810e+01 -1.134550400839446738e+01
1.394778740697406860e+01 1.488031328860545344e+01
-9.926896739425615124e+00 -1.332687880389451429e+01
1.265426045636968411e+01 -6.198970394621639457e+00
-5.805232177380270642e+00 8.460136928118782151e+00
-1.415342025397586312e+01 1.173133334408513484e+01
-9.309667828454919913e+00 -6.765460510935184857e+00
-1.935576107178470195e+01 6.107300271454757734e+00
1.957514022084638938e+01 4.312761384380269902e+00
1.832177419104232996e+01 3.500537164529478495e+00
-6.059631693875233260e+00 -9.328859029439835027e+00
4.433957534513894294e-01 1.451033684121400436e+00
3.124134440920841360e+00 1.168336374303964220e+01
1.788142545326077126e+01 -1.018450893304656724e+01
-2.278636979973857635e+01 -1.669191494753039073e+00
1.311364168311188649e+01 -1.394086262618377603e+01
3.135724362555845968e+00 -2.277481636389981645e+01
-1.458463772134830982e+01 -4.108917021364731359e-01
-1.068855465059387377e+01 -5.820971717541943979e-01
