-2.483669242599638505e+00 -2.527061500286061690e+00
1.047486988524977747e+01 -3.874001837106050949e+00
1.708626235838229590e+00 2.935733858177475675e+00
6.422687366359883798e-01 4.964109061845032755e+00
-6.191059943360215811e+00 -5.629912018812884611e+00
-4.214246478568508536e+00 7.560466080804568278e+00
-9.403143927278682312e+00 1.665600374611558410e+00
1.303096491338985707e+01 1.506205973947128740e+00
5.521037492556631676e+00 -8.383418619926706228e+00
9.408540047998560141e+00 1.079139161043744366e+01
5.164597286266323195e+00 -9.592146473450055666e+00
-3.240376615486155742e+00 1.677726471991079604e+00
9.455353769564718291e+00 1.060494764119235356e+01
-5.508375029599981154e-01 1.243187078640069743e+01
-5.956375942394416256e+00 3.092720098323183731e+00
-5.630036797850260233e-02 7.646413796024457810e+00
-6.666014229273256930e+00 5.873947650209794702e+00
7.794645552515038212e-01 3.100407836751572610e+00
7.541665568659646546e+00 8.221606389653747016e+00
-1.308018720290447634e+00 4.012650928430212538e+00
-1.213128195977758866e-01 -1.223756547503321412e+00
-4.489984002018996279e+00 -2.166231795018501316e+01
-8.711936464139794722e+00 -1.132751686578478134e+00
1.110863333673967723e+01 3.419009124011550327e+00
-3.506446967272363935e+00 3.977256394736064848e+00
1.148422108010077380e+01 6.350435124757188632e+00
-1.192225767694289296e+01 1.961473733168472622e+00
-4.656026877803332908e+00 -2.222938313010468647e+01
-5.429504098342467083e-02 -5.610573985193973989e+00
3.188546589666675146e+00 1.632054777211084273e+00
-6.129737200832535038e+00 -1.068242199901706257e+01
1.373315694482515070e+01 7.399944434701008156e+00
-1.199431729673245961e+01 6.148060618407598987e+00
2.571322107280870739e+00 -6.680282983557075838e+00
5.472233321978688281e+00 7.599954724098525460e+00
-1.298024233879444012e+01 -2.904368660379131661e+00
9.056767385688104355e+00 6.373626612839265348e+00
-3.784206080527651589e-02 6.144810729025588003e+00
9.537997069949335938e+00 -4.094248708194045072e+00
-3.362349417915721173e+00 9.337300375402955765e+00
7.595293750906506602e+00 6.146861555487774353e+00
-3.589910920963876872e+00 -7.022646680322715440e+00
1.413760797753325305e+00 -2.589523211704226391e+00
4.640698595411617333e+00 2.151106319426878688e+00
-9.829056350641083739e+00 -9.218147164890142520e+00
1.210381715371359945e+01 8.945294120098349566e+00
-4.415134421519878671e+00 -2.813933400473731972e+00
-2.126466765424328109e+00 -1.225549626419239502e+01
-2.083071859184744579e+00 -1.237683730411465177e+01
-8.313215850954021491e+00 5.615525062818341517e+00
-7.755710401464908976e+00 -1.933123714685496930e+00
1.329379899834233747e+01 5.045931221266745759e+00
-1.392834236548893712e+00 6.937226929840472067e+00
9.301496832767565337e+00 -4.460452670455095081e+00
-6.154599032197549668e-01 -4.309593178039098582e+00
1.518779632403938251e+01 4.018013064285193892e+00
-3.206632819839971837e-01 2.384580291230611326e+00
9.491386617471940568e+00 -6.531309626481450081e+00
6.565988167422427857e+00 -2.251237283835298530e+00
1.161356531818631765e+01 2.823704938392763264e+00
-1.095002651902168012e+01 -7.259428378865656839e+00
2.275226672889909540e+00 -1.349597317867706003e+01
1.561119125159168952e+00 -1.796173125305306151e+00
-1.382482619324698403e+00 9.499086014410558221e+00
1.116138450898612433e+01 -5.417535891922393709e-01
-1.564996131079086306e+00 1.600429586013083272e+00
4.801550637671969657e-01 2.032106436625771284e+00
-3.633384861293349033e+00 -1.065788900062641487e+00
-8.806234210726683997e+00 -4.755545138875477029e+00
3.761991135692447141e+00 9.718770998810942530e+00
-7.549674994015764362e+00 9.049340442923176298e+00
-1.607797624830649141e-01 1.088248903238529408e+00
2.192556310326724933e+00 -3.722725828576184615e+00
-7.369825134691913249e+00 -8.588873242338296521e+00
-1.124270022855893458e+01 -4.937917619694029092e+00
-6.042143369406852038e+00 8.128406920254542811e+00
-7.460723598779945398e+00 1.978511772787729384e-01
-3.080711067504811052e+00 1.912027555375155119e+00
6.948031589751442638e+00 -3.469801555036245766e+00
1.274296998688973481e+01 4.288169030239203039e+00
-7.054252749357150520e-01 -3.613788250756600373e+00
-3.772410306946995640e+00 -7.673770342466444738e+00
1.413446791632335220e+01 6.674645313239321309e-01
8.239119695015883593e+00 5.768206670840853256e+00
5.127991646825492467e+00 -2.775516266224501982e-01
-7.042477705763929841e+00 -6.693657339010296248e+00
-9.194761150165280394e-01 2.959994270275815076e+00
4.307140523146864020e+00 1.063393121676286190e+00
6.747392543940579301e+00 1.726721976076259102e+00
1.214428495058898827e+00 -5.772111352418562547e+00
-5.535004055750117224e+00 -3.919835615006212581e+00
-5.653975848617894151e+00 8.377503174010479947e-01
1.101694644155770320e+01 6.280919306691609805e+00
-7.140160049159413269e+00 -7.258737293809340407e+00
1.275413758126205366e+01 3.517338952682582232e+00
-1.570645287550399338e+00 -5.124052541836462638e+00
-3.314377093940084618e-01 5.257442159711680496e+00
-4.232890282483094069e+00 8.160849847225980724e+00
6.853404254007066099e-01 1.220871788038899952e+00
-5.158239302266742765e-01 6.430757718042433346e+00
-1.129863782075887002e+01 -6.174158363608767353e+00
-1.015960919315181599e+01 -3.159873793206275483e+00
-4.920181819182563032e+00 -1.044783635845739411e+01
-5.824240549705405057e-01 1.211278784055117796e+01
1.223554094929934699e+01 -3.455978103818198477e+00
-1.113412366859387781e+01 1.082288623665295191e+01
9.694551077659266269e+00 -6.919002879197394762e+00
-6.470751278579683907e-01 -1.668375818076567541e+01
1.011595250499262555e+01 9.026935596983427790e-02
5.017475885479710129e+00 3.376985760245377888e-01
-5.278670476815440438e+00 -1.708592686864527810e+00
-1.055541969653847723e+01 -4.836976157658233966e+00
-8.427944015284445811e+00 -7.541671078754662361e+00
-3.785557396116756124e+00 -4.236118609740417540e+00
2.193590820161431587e+00 1.048920321427393887e+01
-4.475754423365372325e+00 -2.157480648288713709e+01
-8.128107648120550977e+00 -4.620721583335995142e+00
-1.009715711848362041e+01 -7.523532342990751687e+00
-5.638261143740705972e-01 -9.237487817148945624e+00
-3.659103869293598432e-01 4.590364844436441771e+00
9.116106603607214254e+00 7.709944379082108057e+00
2.851858001607596727e+00 4.425803156732502686e+00
-1.650599928677055406e+00 -1.393914320771610260e+00
-3.556370810286674899e+00 4.833824254920949137e+00
-1.206969502339645928e+01 -4.383148930544075839e+00
-6.487683740351610773e+00 3.201548304286077617e-01
9.656641458895346419e-01 -7.781049142907215277e+00
6.162124621722830931e+00 -6.910692763578900610e+00
-1.361772221549637685e+01 -6.338494527951327839e+00
9.578130652613999985e+00 5.001278362210675787e+00
1.021144656953605967e+01 2.199414377355962458e+00
-3.076630552980285316e+00 -2.653887637916042763e+00
3.812525451297517964e+00 9.743591442777734812e+00
9.228674325392207223e+00 -5.803322067197766110e+00
7.454879103510915428e+00 2.786090637915398904e+00
2.848763786879037418e+00 -6.232044847337129267e-01
5.154007256051446717e+00 -2.681916021752329016e+00
-3.006246798382826046e+00 -1.520694897657693279e+00
5.218287717840202511e+00 1.167006758092852614e+01
-2.299528122423328824e+00 3.105216049597490979e+00
-1.183798561719990872e+01 2.144516871696819482e+00
-1.024437011376290618e+00 1.460493031986920620e+01
-8.372979349997033083e+00 4.673553577321361452e+00
1.807779297068818680e+00 -5.625220433698417288e+00
8.029801660304972444e+00 3.142492884143855747e+00
3.275148782004416725e-01 -4.403227686640212468e+00
1.167305888122254487e+01 -2.951387342484182441e-01
-3.579431892883568445e+00 -9.628837107003061391e+00
-1.335637684877639053e+01 -8.712190173233260726e-01
2.609915323963459599e+00 1.256969955477531320e+00
2.752362285588755064e+00 -7.020952904062599309e+00
1.181562766609419723e-01 -6.890369944523517809e-01
-2.263323108457244714e+00 9.830393058262915318e+00
6.159401218165568181e+00 3.721692583690519474e+00
-9.281150423181646403e+00 3.256153914317288844e+00
-2.624109618030150415e+00 -7.949171842229140417e+00
-2.024719409706036810e+00 4.098249195421290736e-01
-1.033233504117344914e+01 -2.596592517231013364e-01
6.785197198780470451e+00 -2.712791834963935056e+00
-1.029135743415775828e+01 4.781016384963006072e-01
-1.198516835524002744e+01 -1.683517934309061603e+00
1.255063123339172027e+00 1.017115350401181750e+01
1.042827255374781537e+01 8.494010163597465635e+00
9.534866099069407852e+00 2.200312893329513297e+00
-8.079022314793348869e+00 -1.597310887398831536e+00
-5.402294177418663246e+00 8.045487214019249933e+00
8.091986582485754198e+00 7.683258083945068151e+00
-7.348878312251077016e-01 -6.058932923108759638e+00
2.940259958434661147e+00 2.691040823727086639e+00
-7.087458581436956173e+00 3.348760326175814317e+00
6.271091364402682444e+00 -4.439265431687781316e+00
2.982038586604393693e+00 -3.974731467450415501e+00
-8.688143219683865937e+00 1.034876983882884627e+00
-4.960691419139856784e+00 -5.154098844359056741e+00
-1.187547301311908221e+01 -1.426326262487439989e+00
1.455310108416095183e+01 4.504555597894106533e+00
-4.025295736479933773e+00 -9.756124484533630792e+00
-5.000442568297434498e+00 -4.325904112327147111e+00
-1.334228025443018417e+01 -6.190783052506122708e+00
-2.361489337806733424e+00 -3.076288260376866202e+00
-7.474010249707444764e+00 3.632824367272677435e+00
3.612353014441067600e+00 -6.079493875050022700e-01
-2.913828985529258730e+00 1.071589923737007410e+01
4.025656142920863018e-02 -9.277415223722766058e+00
7.257690669522681048e+00 4.123559959754079074e+00
7.513353904603047084e+00 -3.122863204815708116e+00
-3.488852415618167502e+00 3.485103029741027481e+00
-1.121088315721248951e-01 7.853733987706052133e+00
-4.540008387255825006e+00 -2.062573505926792006e+00
3.166557745662217371e+00 5.189891443183753950e+00
3.146605422124049145e+00 5.655273877365541324e+00
5.298701932868744358e+00 3.868932758423336171e+00
-1.616776851023266293e+00 7.789584203703907583e-01
4.791473470057722395e+00 -2.791194411005832876e+00
1.295878982352064313e+01 -5.819842521065284879e-01
-7.397470740241664622e+00 8.993591378495120026e+00
6.258651670178202231e+00 -2.534046646053189078e-01
-1.250120128451897550e+01 -8.168823579662547019e+00
-1.186138189196606696e+01 2.913208381784653689e+00
1.310094393684849123e+01 3.126244717833243758e+00
